tensor([[12.5875,  0.7813,  0.1448, 14.9852,  0.8760, 15.7199, 18.7441, 19.4729,
         16.5978,  0.2180, 12.2593, 16.6253,  0.2274, 24.3460, 17.7500,  0.6100,
          0.6009, 10.6345]], device='cuda:0', dtype=torch.float64,
       grad_fn=<SoftplusBackward0>)
tensor([[12.5875,  0.7813,  0.1448, 14.9852,  0.8760, 15.7199, 18.7441, 19.4729,
         16.5978,  0.2180, 12.2593, 16.6253,  0.2274, 24.3460, 17.7500,  0.6100,
          0.6009, 10.6345]], device='cuda:0', dtype=torch.float64,
       grad_fn=<SoftplusBackward0>)
tensor([[12.5875,  0.7813,  0.1448, 14.9852,  0.8760, 15.7199, 18.7441, 19.4729,
         16.5978,  0.2180, 12.2593, 16.6253,  0.2274, 24.3460, 17.7500,  0.6100,
          0.6009, 10.6345]], device='cuda:0', dtype=torch.float64,
       grad_fn=<SoftplusBackward0>)
tensor([[12.5875,  0.7813,  0.1448, 14.9852,  0.8760, 15.7199, 18.7441, 19.4729,
         16.5978,  0.2180, 12.2593, 16.6253,  0.2274, 24.3460, 17.7500,  0.6100,
          0.6009, 10.6345]], device='cuda:0', dtype=torch.float64,
       grad_fn=<SoftplusBackward0>)
tensor([[12.5875,  0.7813,  0.1448, 14.9852,  0.8760, 15.7199, 18.7441, 19.4729,
         16.5978,  0.2180, 12.2593, 16.6253,  0.2274, 24.3460, 17.7500,  0.6100,
          0.6009, 10.6345]], device='cuda:0', dtype=torch.float64,
       grad_fn=<SoftplusBackward0>)
       
tensor([[ 1.9699,  0.6980,  0.2514,  9.9628,  0.5302,  9.9998,  9.9765,  9.9710,
          0.5170,  9.9870,  9.7127, 10.0000,  0.2082,  9.9996,  9.9859,  1.0011,
          0.5708,  9.9787]], device='cuda:0', dtype=torch.float64,
       grad_fn=<AddBackward0>)
       
tensor([[ 1.9699,  0.6980,  0.2514,  9.9628,  0.5302,  9.9998,  9.9765,  9.9710,
          0.5170,  9.9870,  9.7127, 10.0000,  0.2082,  9.9996,  9.9859,  1.0011,
          0.5708,  9.9787]], device='cuda:0', dtype=torch.float64,
       grad_fn=<AddBackward0>)